tempos_criancas_aptas
31
69
67
0
46
3
12
5
16
26
9
17
11
27
0
35
0
0
0
13
9
21
33
3
22
12
19
15
34
3
0
6
0
27
7
27
1
0
1
12
0
7
0
8
10
10
24
29
11
16
7
6
5
21
0
10
1
59
0
0
31
13
8
11
4
65
18
61
7
15
30
3
2
2
3
1
1
6
3
0
17
8
1
1
0
4
16
0
14
0
1
0
11
0
0
4
0
25
7
3
5
2
6
13
26
8
0
1
0
1
8
5
8
33
21
10
3
15
17
4
3
20
29
41
12
20
1
2
13
2
10
50
10
0
19
7
2
5
1
0
0
21
0
8
5
0
14
0
2
0
3
8
0
0
3
7
5
0
37
0
4
2
5
0
0
1
10
3
0
7
1
0
2
0
11
0
1
2
2
3
0
0
21
3
1
8
3
6
15
19
1
0
12
0
1
1
5
1
0
4
0
0
2
10
8
0
0
3
1
0
0
0
9
1
0
10
0
2
0
13
13
10
4
0
7
0
7
24
0
0
6
0
0
7
18
0
0
0
1
0
25
0
7
0
0
0
0
11
7
17
5
2
0
0
0
0
0
5
5
0
7
0
2
1
0
5
2
0
7
0
2
2
1
0
1
2
1
10
2
1
0
1
4
0
0
5
17
0
0
0
6
0
5
1
0
0
1
0
0
1
0
2
2
2
0
8
4
9
0
1
4
0
0
1
3
0
12
0
14
0
0
0
0
0
7
9
0
0
3
3
0
0
1
32
0
0
3
1
2
4
0
0
3
2
0
1
8
0
0
5
1
0
1
5
12
3
0
0
1
0
3
1
2
4
2
0
2
7
3
3
0
1
0
3
9
6
0
0
2
0
2
4
0
5
0
0
0
0
11
0
0
0
0
10
0
1
1
2
0
3
0
0
0
1
0
1
15
0
5
6
10
0
1
0
12
1
4
0
10
1
0
4
1
0
2
0
0
3
7
1
6
0
6
2
3
4
0
6
3
20
0
15
1
4
3
0
4
0
0
6
6
4
0
4
1
0
6
9
0
1
0
1
0
0
3
10
1
2
1
0
7
0
4
3
8
1
1
5
8
2
12
2
3
3
7
0
4
0
2
0
1
4
1
0
3
2
10
1
0
7
6
0
0
5
1
8
5
0
1
13
2
0
0
5
2
3
17
13
1
3
4
0
7
2
23
3
2
1
0
0
12
0
0
0
0
1
0
0
4
2
6
2
0
0
0
1
0
0
12
0
1
12
0
5
0
2
0
4
0
2
0
5
0
0
0
0
11
0
0
2
7
0
0
0
3
0
0
0
0
0
1
1
5
1
0
1
6
7
9
0
0
0
1
5
5
1
0
0
0
2
1
0
0
3
0
0
15
0
1
0
2
5
2
0
0
0
0
5
0
0
0
1
4
0
1
0
0
1
2
0
0
3
0
0
1
1
1
1
0
0
0
5
1
0
4
0
7
1
2
4
2
8
1
0
0
10
1
3
4
6
1
1
1
0
0
0
1
5
2
3
0
2
2
4
0
0
4
5
0
0
0
0
1
6
0
0
2
0
0
17
3
0
0
1
4
1
0
0
0
0
0
4
0
1
0
0
0
0
2
5
1
2
3
0
0
0
0
3
5
0
0
0
3
4
2
7
1
7
5
1
0
1
0
3
0
0
8
3
3
0
1
0
0
1
1
5
0
10
7
3
0
3
0
0
0
2
2
1
1
2
0
5
7
0
2
3
0
0
0
4
3
1
1
0
0
2
5
5
2
0
0
2
0
0
8
2
0
8
1
1
1
4
8
2
0
0
6
1
0
4
0
0
3
3
1
0
1
6
6
1
2
3
0
5
5
1
1
0
5
1
0
0
0
0
4
0
1
0
0
2
1
4
4
3
1
0
2
0
5
0
1
0
1
0
2
0
1
1
0
0
1
1
0
1
2
1
11
0
1
2
0
1
1
5
2
0
1
0
1
0
14
3
1
1
6
1
0
1
6
14
5
7
1
0
2
1
0
0
0
3
2
1
1
0
0
0
0
0
3
0
3
5
0
2
0
1
0
5
6
0
0
2
0
1
3
3
1
0
3
2
2
0
0
0
0
3
2
0
0
0
0
2
3
0
1
2
0
1
0
0
3
0
2
0
5
1
1
0
0
0
1
4
2
0
0
1
1
0
0
4
3
4
0
1
0
0
0
5
0
0
0
0
0
0
3
0
0
1
5
1
0
0
1
0
0
3
0
1
2
8
0
0
1
2
0
0
2
5
1
3
0
0
0
6
1
4
6
1
0
1
1
0
1
3
1
0
1
0
2
3
2
0
1
4
5
2
1
1
0
2
2
1
2
1
0
4
1
1
0
5
0
0
1
0
0
1
2
3
2
1
1
3
1
3
0
6
0
1
0
1
10
2
0
1
0
1
3
2
0
1
0
4
0
2
8
1
7
2
0
0
0
1
1
1
1
6
0
0
3
15
0
0
8
1
1
1
0
0
3
2
6
3
0
10
3
0
1
11
6
1
2
4
0
3
12
3
0
4
3
1
0
0
2
1
6
0
1
0
2
7
1
3
0
0
3
4
0
0
0
4
0
4
0
1
4
2
1
2
0
2
0
1
0
0
0
4
4
0
6
2
1
4
1
0
0
0
0
0
1
2
4
0
2
4
1
2
5
2
1
4
4
4
1
0
0
4
2
2
3
0
6
2
3
5
9
3
4
6
0
4
0
0
1
6
2
0
6
3
5
0
0
1
0
11
1
6
4
0
0
0
5
2
7
0
2
0
0
1
1
0
0
1
5
1
0
0
2
7
4
2
12
0
0
1
1
1
13
2
6
5
0
0
7
0
0
6
8
1
0
0
0
1
0
4
9
2
0
3
5
12
0
1
3
0
3
0
0
1
6
0
11
2
1
0
0
0
6
0
6
1
6
2
3
2
1
1
6
6
3
0
0
0
3
1
1
0
5
1
3
0
6
1
0
6
0
1
0
0
3
0
0
1
2
1
18
0
1
5
2
0
2
7
0
0
11
1
22
4
2
1
4
0
3
1
3
1
3
5
1
6
2
3
2
6
0
10
0
0
0
0
5
2
5
13
0
1
1
14
5
1
3
9
1
10
4
0
1
0
12
1
22
5
0
0
0
2
6
3
7
3
2
1
1
0
5
2
0
7
10
0
0
7
1
1
8
4
0
16
5
3
6
1
2
3
14
1
4
1
2
5
7
0
0
0
0
2
9
7
2
0
5
19
1
0
6
7
1
0
11
11
7
0
27
0
0
0